     0 200332 195164 176176 -20437 -25552 -20364 -18757 -19755 135489 -25152 134849 -19871 131896 
200332      0 203047 185991 -21485 -28686 -18340 -16395 -19850 141406 -24447 139305 -20523 133495 
195164 203047      0 185315 -18881 -27581 -20868 -17289 -22866 140941 -28638 139032 -20435 134167 
176176 185991 185315      0 -24791 -21142 -22416 -16547 -23268 136729 -22107 130557 -19049 124043 
-20437 -21485 -18881 -24791      0 196143 193243 153110 149303 -22352 141545 -22959 135096 -24124 
-25552 -28686 -27581 -21142 196143      0 208479 151265 150191 -21170 136560 -23790 134185 -25749 
-20364 -18340 -20868 -22416 193243 208479      0 147185 151869 -20346 135853 -20091 138158 -23658 
-18757 -16395 -17289 -16547 153110 151265 147185      0 146904 -19871 136366 -17635 127943 -16714 
-19755 -19850 -22866 -23268 149303 150191 151869 146904      0 -19107 132168 -18187 153922 -22942 
135489 141406 140941 136729 -22352 -21170 -20346 -19871 -19107      0 -21599 170531 -19524 131078 
-25152 -24447 -28638 -22107 141545 136560 135853 136366 132168 -21599      0 -21794 126170 -24015 
134849 139305 139032 130557 -22959 -23790 -20091 -17635 -18187 170531 -21794      0 -20096 133522 
-19871 -20523 -20435 -19049 135096 134185 138158 127943 153922 -19524 126170 -20096      0 -25012 
131896 133495 134167 124043 -24124 -25749 -23658 -16714 -22942 131078 -24015 133522 -25012      0 
